function map = electrodePinoutCUCX(patientID)

% This is the spatial layout for CUCX2, CUCX3, 

map = [
-1  21  15  1  55  36  50  69  79  -1 
29  22  16  2  63  44  58  70  80  89 
30  23  9  3  38  52  33  71  81  90 
31  24  10  4  46  60  41  72  82  91 
32  17  11  40  54  35  49  73  83  92 
25  18  12  48  62  43  57  74  84  93 
26  19  5  56  37  51  65  75  85  94 
27  20  6  64  45  59  66  76  86  95 
28  13  7  39  53  34  67  77  87  96 
-1  14  8  47  61  42  68  78  88  -1 
];
